-123.3194
-123.34265
-120.98647
-121.26245
-121.93156
-121.96696
-102.18743
-102.248
-89.61866
-89.60775
-104.07141
-104.31084
-120.99991
-121.09848
-123.08679
-123.04019
-121.30554
-121.48524
-122.0275
-122.07474
-106.39255
-106.41091
-117.15529
-117.14925
-130.31334
-130.33028
-121.96696
-121.96883
-96.08252
-96.12
-97.80024
-97.79495
-122.29021
-122.2896
-122.65022
-122.40117
-121.75339
-121.72929
-119.16968
-119.17503
-121.62915
-121.64418
-119.7493
-119.75517
-121.9731
-121.89265
-122.50163
-122.59996
-95.08916
-95.10059
-123.09976
-123.10297
-122.96925
-122.9854
-122.40489
-122.40158
-122.35779
-121.99426
-122.55296
-122.37561
-98.01884
-97.91545
-123.77541
-123.94279
-122.2896
-122.27797
-119.14592
-119.14743
-122.86459
-122.79917
-98.15709
-98.01859
-122.3866
-122.39842
-123.09236
-123.09438
-122.96432
-122.8884
-123.25722
-123.265
-121.06851
-121.26836
-123.92614
-123.93126
-123.04019
-123.01842
-122.41667
-122.40672
-122.87249
-122.7606
-123.34597
-123.80797
-122.38233
-122.38016
-96.17294
-96.1337
-121.17131
-121.23146
-122.90279
-122.72191
-121.85432
-121.74497
-123.265
-123.29675
-122.28978
-122.29613
-122.30593
-122.30192
-118.99456
-119.0074
-121.85452
-121.76695
-123.10654
-123.16621
-119.14285
-119.21095
-122.52425
-122.64425
-120.80428
-121.01766
-122.2289
-122.2369
-123.02673
-123.00677
-123.13248
-123.12501
-121.77061
-121.85222
-122.43329
-122.43414
-106.40942
-106.39433
-123.00104
-123.02432
-122.17784
-122.1785
-122.37285
-122.358
-123.12863
-123.14101
-95.01471
-94.20944
-122.02443
-122.04404
-122.97369
-122.95966
-97.44876
-97.40121
-122.64316
-122.56906
-97.2681
-97.3732
-120.42029
-120.46927
-94.43163
-93.60583
-122.14459
-122.47633
-120.59975
-120.44559
-104.87825
-103.97718
-122.36083
-122.35387
-120.90562
-120.94896
-122.71022
-122.71021
-122.75304
-122.73476
-122.94553
-122.95872
-123.12501
-123.16571
-121.27492
-121.2735
-122.48251
-122.28836
-122.9854
-122.88779
-97.46763
-97.44876
-123.32049
-122.96432
-120.94896
-120.90581
-121.97546
-122.09241
-121.22777
-121.27197
-122.23177
-122.23102
-122.89636
-122.88211
-118.71907
-118.59644
-121.58597
-121.48753
-122.70888
-122.71022
-122.87521
-122.87814
-96.05531
-95.82001
-122.70889
-122.65306
-103.56968
-103.49155
-120.03444
-120.25638
-105.37915
-106.38903
-123.16621
-123.15756
-122.32613
-122.31756
-122.40645
-122.52695
-97.2681
-97.19695
-122.81404
-122.81583
-122.8544
-122.96524
-121.41348
-121.38274
-119.69818
-119.69879
-122.7547
-122.74784
-121.41
-121.27405
-122.04292
-121.97377
-96.25829
-96.13491
-122.27402
-122.34282
-120.05698
-120.25099
-122.33502
-122.32613
-121.86383
-121.77171
-96.08252
-95.87971
-122.24913
-122.25621
-122.38233
-122.3768
-121.96965
-121.97546
-121.41637
-121.51916
-97.80024
-97.6264
-90.74688
-90.52729
-103.7321
-103.88052
-122.32121
-122.35779
-122.47715
-122.50083
-125.73674
-125.0
-122.38512
-122.38413
-117.3932
-117.38329
-122.79538
-121.97222
-104.89086
-104.87825
-123.11089
-123.08679
-122.29837
-122.36771
-122.36765
-122.28403
-121.27243
-121.27558
-122.3868
-122.38241
-122.13051
-122.14394
-119.65086
-119.81848
-121.61142
-121.65887
-123.0069
-123.01738
-122.75249
-122.76625
-122.66223
-122.65239
-122.3564
-122.35405
-122.86459
-122.86479
-97.4492
-97.3732
-94.61015
-94.43163
-122.37401
-122.36134
-122.70929
-122.73683
-122.22031
-122.20366
-122.12735
-122.12625
-121.23146
-121.41637
-121.59392
-120.23251
-122.68828
-122.3564
-120.84644
-120.98529
-88.2
-88.50027
-102.16851
-102.17313
-117.36977
-117.26463
-119.63986
-119.65086
-120.53308
-120.44363
-121.76978
-121.75569
-97.40987
-97.3123
-106.39433
-106.39238
-122.50578
-122.50041
-121.71117
-121.77061
-121.27393
-121.2733
-122.35803
-122.38876
-119.42
-119.49266
-121.73647
-121.7646
-122.6788
-122.66504
-122.0433
-121.99622
-120.61111
-120.59975
-122.41179
-122.40915
-123.92224
-123.92982
-119.34544
-119.33093
-122.6347
-122.56552
-125.0
-124.55637
-121.90179
-121.90413
-120.25638
-120.37552
-122.28978
-122.30379
-122.40372
-122.4021
-122.87844
-122.86249
-121.2735
-121.27243
-121.96854
-121.96965
-122.37109
-122.37401
-97.4492
-97.40987
-122.80611
-121.91692
-122.38876
-122.40381
-123.42891
-123.32049
-122.76294
-122.77399
-94.20944
-93.75259
-123.06758
-123.0983
-103.86
-104.2
-122.91051
-122.88797
-121.41614
-121.41
-122.89091
-122.97034
-121.30746
-121.24336
-120.84395
-120.95349
-122.23375
-122.29845
-121.82256
-121.73701
-121.77171
-121.76985
-122.90434
-122.93263
-122.97034
-122.99599
-122.24507
-122.2364
-122.73476
-122.7621
-122.13342
-122.23375
-122.92386
-122.93133
-122.76625
-122.73683
-123.0656
-123.11284
-98.19904
-98.25844
-121.28212
-121.27031
-122.91077
-122.91444
-122.97079
-122.97359
-122.22031
-122.25632
-122.26524
-122.20917
-122.02443
-122.20273
-121.48753
-121.3372
-121.59392
-120.85707
-123.15756
-123.1167
-121.26147
-121.26329
-122.03217
-122.0275
-122.82344
-122.76193
-96.33939
-96.29436
-122.94031
-123.03305
-122.81273
-122.88641
-122.3853
-122.37193
-122.94504
-122.86914
-122.37193
-122.3868
-119.86461
-120.01849
-119.26811
-119.20958
-121.95296
-121.92293
-123.10692
-122.96895
-122.74784
-122.69142
-98.2212
-98.25486
-122.03598
-122.071
-122.75249
-122.77457
-122.92386
-122.9162
-122.69083
-122.6507
-124.02187
-122.76685
-122.22458
-122.28759
-122.40372
-122.40379
-120.50211
-120.60722
-122.40158
-122.38512
-121.2733
-121.27437
-122.31317
-122.2896
-122.1785
-122.21457
-122.94862
-122.93133
-120.46927
-120.5743
-122.87814
-122.88172
-123.47923
-123.27055
-121.76978
-121.77098
-122.25632
-122.41179
-122.23065
-122.22943
-122.83859
-122.97711
-122.01654
-122.14648
-122.19492
-122.21893
-122.78134
-122.73782
-119.20958
-119.05479
-97.90216
-98.04003
-122.73961
-122.74989
-122.21872
-122.27934
-106.38903
-106.39238
-122.50083
-122.79538
-103.73116
-103.69335
-122.26573
-122.2361
-122.94518
-122.94783
-121.27216
-121.27318
-123.03825
-123.04132
-122.0248
-122.0275
-124.12915
-124.33757
-117.15346
-117.14925
-124.19113
-122.63477
-96.42385
-96.17294
-121.90907
-121.82256
-121.96396
-121.96376
-95.06022
-95.05199
-121.77098
-121.88956
-92.33272
-92.14322
-89.74809
-89.88
-122.40938
-122.40489
-121.94971
-121.90907
-123.03297
-123.01765
-122.71671
-122.73029
-126.61818
-125.73674
-121.80797
-121.77956
-122.26772
-122.32121
-120.68617
-120.63514
-120.95349
-120.92003
-122.07474
-122.13051
-123.1293
-123.0963
-122.85576
-122.8918
-122.93691
-122.89998
-123.16501
-123.16818
-121.1338
-121.16353
-97.15165
-97.11337
-117.38329
-117.36977
-122.04353
-122.07474
-119.80602
-119.8359
-119.04477
-118.99456
-122.88926
-122.87997
-121.16765
-121.30554
-97.6191
-97.25213
-102.248
-102.23845
-122.0248
-121.95296
-122.23094
-122.22943
-95.39117
-95.03004
-123.01041
-123.20378
-122.26524
-122.26524
-122.65845
-122.73476
-116.14611
-115.87804
-97.70167
-97.6264
-97.6331
-97.90216
-122.20917
-122.23901
-89.61312
-89.60775
-123.49583
-123.70761
-122.88797
-122.89091
-121.58641
-121.57875
-121.66431
-121.69366
-121.91692
-121.58597
-117.15529
-116.97467
-122.64519
-122.66223
-119.20958
-119.19938
-122.72527
-122.72549
-102.17313
-102.17367
-122.96993
-122.96896
-121.90298
-121.89908
-121.76094
-122.02443
-122.68745
-122.68549
-117.11081
-117.14925
-98.21683
-98.2212
-122.15753
-122.21872
-122.23065
-122.23094
-96.35967
-96.35641
-121.65915
-121.41348
-122.48441
-122.49361
-95.08916
-95.08522
-122.03122
-122.08928
-98.19504
-98.18214
-121.90459
-121.89908
-122.40938
-122.40672
-121.252
-121.70003
-123.63451
-123.47923
-123.09438
-123.25722
-95.08609
-95.08916
-122.02658
-122.03217
-122.87521
-122.85809
-123.10297
-123.09948
-96.17316
-96.35564
-122.24507
-122.35803
-119.13036
-119.14354
-122.27969
-122.48074
-121.3372
-122.14459
-121.87959
-121.90179
-121.72929
-121.69827
-122.22861
-122.22458
-119.41908
-119.56088
-122.84726
-122.85481
-122.97357
-122.97343
-122.39907
-122.3868
-123.31448
-123.3194
-121.26836
-121.26442
-121.96883
-121.96965
-117.17355
-117.15346
-122.27402
-122.26524
-123.39661
-123.39745
-122.89636
-122.91283
-123.10692
-123.10654
-92.44582
-92.25228
-122.97711
-123.14487
-122.01265
-122.19096
-122.10272
-122.12735
-122.24379
-122.24907
-119.68564
-119.74023
-121.26394
-121.26868
-122.92864
-122.92888
-122.47826
-122.86927
-121.88454
-121.85452
-122.40379
-122.40973
-122.4021
-122.4036
-122.62521
-122.7431
-122.47285
-122.30431
-122.49952
-122.50578
-122.69031
-122.7215
-121.89733
-121.89574
-122.8575
-122.81273
-122.86355
-122.8512
-124.33757
-124.44679
-122.10272
-122.0433
-121.01848
-121.19714
-122.92888
-122.94553
-122.1922
-122.19096
-123.14014
-123.11372
-122.9099
-122.93691
-122.93652
-122.94518
-121.8531
-121.95364
-122.24907
-122.24913
-123.30394
-123.21161
-121.96883
-121.96854
-122.75267
-122.64639
-123.09465
-123.09236
-121.26836
-121.27945
-122.70008
-122.71342
-106.78516
-106.40942
-122.85809
-122.81404
-122.43414
-122.50163
-122.89295
-122.9162
-95.23
-95.22507
-121.0739
-121.09724
-122.78222
-122.78134
-121.92134
-121.93869
-97.41286
-97.3732
-122.26844
-122.28024
-120.41692
-120.24018
-121.01766
-121.12001
-122.38937
-122.52425
-123.95152
-124.06293
-121.74497
-121.75208
-122.63966
-122.58724
-122.97034
-122.9106
-126.45419
-125.97687
-96.71915
-96.42385
-119.04477
-119.01796
-122.9687
-122.9099
-123.75822
-123.60498
-121.86983
-121.89543
-119.28593
-119.4455
-98.13496
-98.21683
-122.32601
-122.38075
-123.0983
-123.26959
-121.85222
-121.86983
-121.77956
-121.86383
-123.16501
-123.10654
-98.2212
-98.19975
-98.19975
-98.19904
-122.49361
-122.49628
-122.63966
-122.69031
-123.18998
-123.19713
-122.85284
-122.8544
-121.27405
-121.27393
-88.50027
-88.14999
-122.35852
-122.31756
-122.72527
-122.75249
-123.01738
-123.03825
-122.68527
-122.6862
-121.30746
-121.40932
-121.55923
-121.59789
-122.30742
-122.30593
-123.09465
-123.09438
-130.31334
-129.10223
-121.87584
-121.85222
-120.94896
-120.99303
-121.49579
-121.55923
-121.7646
-121.76456
-95.70266
-95.52913
-123.0805
-123.0836
-119.78539
-119.80602
-120.53308
-120.51701
-123.09948
-123.07203
-120.80428
-120.68617
-122.30742
-122.29613
-122.52858
-122.49678
-121.01848
-120.995
-122.98665
-123.0069
-120.84077
-121.12812
-121.89543
-122.0248
-122.40245
-122.40844
-122.49628
-122.49952
-117.03799
-117.09836
-122.26488
-122.14346
-103.84089
-103.85967
-120.63514
-120.65352
-122.08928
-122.21198
-122.96432
-122.96524
-121.27229
-121.27216
-122.23778
-122.23094
-122.4036
-122.40489
-122.64639
-122.70465
-121.65445
-121.74497
-121.88757
-121.48787
-121.89143
-121.88757
-119.42
-119.55435
-121.9662
-121.96376
-122.88797
-122.87425
-122.62592
-122.69142
-122.09953
-122.17784
-122.92864
-122.92386
-123.81556
-123.87778
-118.87282
-118.71907
-123.81216
-123.75822
-121.96942
-121.96696
-117.02564
-116.92662
-122.94031
-122.91075
-122.29845
-122.39648
-106.39238
-106.39255
-103.49155
-103.38383
-123.19713
-123.27055
-95.08522
-95.01471
-119.34544
-119.42
-97.41286
-97.40987
-101.9801
-102.137
-123.13258
-123.0836
-122.2886
-122.28599
-122.87425
-122.84567
-122.38016
-122.37109
-122.86249
-122.8139
-119.83686
-119.68504
-96.59933
-96.35967
-121.30782
-121.27031
-122.14346
-122.27486
-121.82404
-121.76985
-123.83191
-123.80477
-120.90562
-120.89883
-122.65239
-122.64644
-123.18524
-123.25722
-121.27492
-121.2764
-122.2369
-122.26573
-123.04132
-123.09236
-121.90604
-121.96376
-121.41318
-121.41
-122.79031
-122.67639
-95.87971
-95.70266
-123.21161
-123.18524
-122.42731
-122.43329
-119.17503
-119.19708
-121.41318
-121.41739
-122.36134
-122.3452
-122.28599
-122.28949
-122.3989
-122.40381
-103.88052
-103.89731
-122.71671
-122.71021
-122.6935
-122.67659
-121.8531
-121.85222
-125.97687
-124.19113
-122.43789
-122.48441
-119.14986
-119.2769
-122.72549
-122.75
-122.88211
-122.87814
-122.13658
-122.18302
-96.35641
-96.33939
-122.37572
-122.36771
-122.45285
-122.34282
-122.99278
-122.90434
-102.2386
-102.23845
-122.7606
-122.75588
-122.48682
-122.32837
-120.53387
-120.87112
-122.88172
-122.89417
-115.87804
-115.79108
-121.2764
-121.27437
-122.77988
-122.76294
-121.38969
-121.54147
-122.40117
-121.88535
-121.70003
-122.679
-122.23018
-122.23092
-97.00231
-96.93138
-89.60337
-89.39826
-120.35674
-120.32533
-121.38046
-121.38178
-122.89467
-122.87844
-89.22461
-89.01648
-122.89484
-122.90255
-123.72335
-123.81556
-121.27318
-121.27243
-121.99036
-122.0275
-119.46049
-119.47704
-130.35722
-130.32889
-119.65086
-119.6631
-92.25228
-92.33272
-122.12625
-122.10272
-122.78222
-122.79053
-122.57878
-122.55296
-123.0963
-122.97369
-122.64519
-122.64095
-123.09465
-123.10692
-92.33272
-92.41219
-123.70761
-123.72335
-122.92073
-122.95897
-122.6507
-122.42421
-97.80218
-97.79495
-123.4165
-123.89174
-91.99228
-91.42657
-122.71022
-122.71102
-123.07596
-123.0805
-105.37915
-104.89086
-122.89484
-122.84726
-123.00104
-122.91721
-122.30431
-121.24222
-122.40372
-122.4036
-122.99013
-123.0656
-122.71103
-122.70889
-120.59975
-120.20938
-122.88982
-122.86355
-121.71225
-121.74143
-123.04601
-122.99013
-121.27243
-121.26245
-122.81404
-122.78972
-119.5179
-119.41688
-121.90459
-121.93156
-120.90545
-120.93837
-122.8884
-122.71472
-123.92614
-123.92224
-122.411
-122.42731
-122.3452
-122.33502
-122.72191
-122.66077
-122.22552
-122.01407
-120.995
-120.98529
-119.68504
-119.5179
-97.08743
-97.00231
-121.69366
-121.71225
-119.65086
-119.41908
-121.87959
-121.86789
-122.4072
-122.39453
-121.90604
-121.90179
-122.56154
-122.63966
-119.86093
-119.8359
-104.31084
-104.30402
-122.6347
-122.65845
-116.9798
-116.14611
-123.01842
-122.9854
-122.03174
-122.03386
-119.01796
-119.09334
-122.92073
-122.92888
-130.31334
-130.35722
-103.97718
-103.85967
-121.27637
-121.27719
-123.17581
-122.79538
-120.65352
-120.57211
-122.65306
-122.39059
-122.28836
-122.04292
-122.91077
-122.96582
-121.48524
-121.77956
-122.95897
-123.02159
-122.22943
-122.2289
-96.35564
-96.35967
-122.68082
-122.68287
-122.30379
-122.30742
-121.99426
-122.00197
-120.57211
-120.53308
-123.19713
-123.21161
-89.74809
-89.61866
-96.92289
-96.71915
-123.0836
-123.04549
-122.35779
-122.38937
-122.54219
-122.63298
-103.86
-104.05
-121.39436
-121.41318
-95.19874
-95.19298
-95.03004
-94.61015
-97.46763
-97.46703
-119.17409
-119.16968
-120.79441
-120.89883
-92.92015
-91.99228
-120.45296
-120.44559
-122.71103
-122.71289
-121.75455
-121.75569
-96.92632
-96.92289
-122.7621
-122.83859
-121.09848
-121.22777
-122.2706
-122.26772
-128.69179
-128.66946
-120.99303
-121.00618
-95.39117
-95.20635
-123.89174
-123.91245
-123.42056
-123.37361
-121.38274
-121.39436
-122.27934
-122.35852
-122.88746
-122.87249
-121.56306
-121.56774
-122.75
-122.76193
-122.2886
-122.28024
-122.39907
-122.38241
-121.27437
-121.27492
-122.35405
-122.26488
-95.08522
-95.08609
-122.49361
-122.56154
-121.83769
-121.84848
-119.7493
-119.78539
-120.44363
-120.37349
-97.17884
-97.15165
-117.36977
-117.08471
-121.91142
-121.92134
-122.75
-122.74989
-103.3415
-103.56968
-122.37572
-122.38233
-119.98152
-120.25638
-118.59644
-118.59633
-122.32904
-122.28759
-119.28664
-119.2769
-121.8739
-121.87959
-122.66328
-122.46352
-123.87778
-123.92614
-121.89632
-121.90298
-123.0267
-123.00548
-97.25213
-97.10296
-122.01086
-122.03122
-95.02484
-95.06022
-123.26959
-123.39661
-121.76942
-121.77171
-117.15346
-117.14867
-123.11372
-122.98416
-117.14867
-117.15346
-97.80024
-98.04003
-121.84848
-122.09899
-123.00677
-122.95894
-119.14592
-119.14986
-97.19695
-97.17884
-122.89467
-122.87997
-121.27437
-121.27216
-122.6347
-122.64095
-121.27197
-121.27229
-120.44363
-120.44406
-121.96965
-122.01086
-123.265
-123.36826
-119.47267
-119.09544
-123.05076
-123.09322
-122.66328
-122.66223
-123.10191
-123.04601
-122.99013
-122.98416
-123.00548
-123.09465
-122.72182
-122.66645
-124.44679
-125.02736
-96.17294
-96.13844
-118.43909
-118.59644
-122.96895
-122.90279
-122.40672
-122.41667
-89.01648
-88.50027
-122.42072
-122.3564
-122.71472
-122.70021
-122.37572
-122.35852
-122.03197
-121.96942
-119.14285
-119.10957
-119.55435
-119.63986
-123.47368
-123.14354
-122.03386
-122.03598
-123.02432
-123.05076
-122.87425
-122.89091
-123.20378
-123.34597
-119.17409
-119.03376
-121.76985
-121.76978
-122.89295
-122.87521
-122.79396
-122.77988
-122.97343
-122.97369
-123.14622
-122.88746
-123.60143
-123.42891
-123.92224
-123.93126
-120.937
-121.12816
-119.74023
-119.7493
-121.38046
-121.26147
-122.47929
-122.47715
-122.40489
-122.40614
-122.98416
-122.79396
-119.47704
-119.55518
-122.97343
-122.94783
-122.01407
-122.02385
-122.40973
-122.411
-96.90519
-96.94287
-120.53387
-120.32533
-121.27492
-121.27558
-122.40897
-122.39907
-122.68034
-122.58134
-121.41739
-121.41614
-122.36771
-122.37109
-122.68034
-122.85576
-122.14648
-122.1922
-122.138
-122.24913
-120.93837
-120.98647
-122.21864
-122.21198
-122.79886
-122.68828
-120.20938
-119.83686
-122.37572
-122.40118
-121.96376
-122.08835
-122.42421
-122.32225
-103.63642
-103.86
-121.26442
-121.27637
-121.57875
-121.55923
-122.71103
-122.70889
-121.27637
-121.27945
-122.70929
-122.6935
-119.2769
-119.28694
-122.70021
-122.64425
-122.39372
-122.38847
-96.1337
-96.17316
-122.9106
-122.88588
-119.24489
-119.34836
-96.48573
-96.90519
-122.21457
-122.21864
-121.92293
-121.87584
-121.69827
-121.65915
-121.26868
-121.27393
-122.30192
-122.29021
-121.00618
-120.99991
-121.41548
-121.48682
-121.5356
-121.7646
-121.38274
-121.38178
-121.97222
-121.59392
-122.43789
-122.42976
-119.75517
-119.77162
-122.3989
-122.29338
-122.4021
-122.39842
-122.24907
-122.2775
-122.77988
-122.75304
-122.8512
-122.76079
-122.28759
-122.30192
-122.97357
-122.97369
-122.66778
-122.64346
-119.78364
-119.78539
-121.38178
-121.39436
-98.18214
-98.19504
-122.64639
-122.5893
-121.90604
-121.87959
-120.995
-120.99303
-122.81273
-122.79053
-119.80602
-120.03444
-121.41637
-121.41644
-123.09322
-123.12863
-121.16353
-121.16765
-123.01765
-123.06047
-122.358
-122.36921
-96.94287
-97.01119
-95.05199
-95.08609
-119.46049
-119.45861
-122.76079
-122.72182
-123.91136
-123.81216
-122.90434
-122.89417
-121.70459
-121.84581
-120.85707
-121.252
-96.29436
-96.25829
-122.66645
-122.57878
-121.74143
-121.83769
-122.96896
-122.9687
-122.29021
-122.31756
-121.90413
-121.91142
-122.85481
-122.86
-121.75569
-121.41644
-120.60722
-120.72156
-122.91283
-122.92073
-117.14867
-117.11293
-97.01119
-97.00574
-96.37602
-96.48573
-119.7862
-119.69818
-122.2574
-122.27969
-121.28445
-121.31442
-120.87112
-120.97971
-122.2289
-122.23018
-121.26836
-121.24207
-121.90298
-121.96396
-122.39842
-122.3866
-123.11868
-123.11089
-122.88779
-122.48251
-122.0433
-122.04732
-121.77098
-121.51916
-119.01796
-119.0074
-122.38075
-122.36765
-122.67659
-122.6935
-119.41688
-119.30003
-121.97377
-121.80797
-122.12625
-122.14378
-122.28759
-122.28978
-96.92289
-96.59933
-122.47929
-122.47285
-119.24489
-119.21095
-123.09438
-123.16501
-123.92982
-123.03305
-123.42888
-123.60143
-122.97066
-122.96993
-122.88926
-122.89636
-128.62415
-127.35313
-123.14101
-122.80611
-123.34265
-123.42888
-123.60498
-123.39745
-122.35387
-122.3452
-121.93869
-122.01407
-123.09976
-122.97685
-121.95364
-121.99036
-122.23778
-122.24507
-122.89484
-122.91077
-124.55637
-124.02187
-121.27719
-121.28212
-119.34836
-119.41426
-122.03174
-122.03197
-122.36134
-122.36083
-122.88211
-122.88172
-119.33093
-119.26918
-121.42711
-121.8531
-97.10296
-97.00574
-103.84089
-103.73116
-121.26442
-121.26245
-120.89883
-120.90545
-122.40844
-122.40938
-121.88469
-122.39059
-123.14487
-123.18998
-120.84177
-120.41692
-97.46703
-97.41286
-119.41426
-119.41908
-122.50041
-122.54453
-123.16818
-123.2021
-122.71102
-122.71103
-122.65239
-122.64561
-119.16968
-119.20739
-102.23845
-101.9801
-122.8139
-122.55296
-122.38413
-122.37335
-123.1301
-123.17758
-122.37308
-122.40645
-122.73029
-122.75795
-122.70889
-122.71102
-122.40915
-122.39485
-119.03376
-118.87282
-122.86
-122.93652
-123.01738
-123.00677
-121.95296
-121.95364
-120.97971
-121.41637
-98.19504
-98.19975
-121.31442
-121.71117
-120.98529
-120.99303
-98.01859
-97.70167
-121.71525
-121.76094
-121.12816
-121.24336
-122.2886
-122.28949
-121.27031
-121.30746
-122.7431
-123.06758
-122.88982
-122.87997
-121.2764
-121.28445
-122.84567
-122.7547
-122.14394
-122.15753
-122.63477
-122.66778
-122.68549
-122.68527
-122.94865
-122.92864
-122.6862
-122.68999
-126.64752
-126.87849
-122.18302
-122.32121
-122.54453
-122.60944
-122.68527
-122.73735
-117.26463
-117.17355
-121.27405
-121.26868
-122.68082
-122.65022
-122.57878
-122.28599
-119.19938
-119.17409
-121.11611
-120.98444
-122.19096
-122.13342
-123.13248
-123.14407
-122.71022
-122.72549
-122.7202
-123.01041
-121.95692
-121.89143
-121.9662
-121.96396
-123.93126
-123.95152
-123.49583
-123.42056
-122.03386
-122.03197
-122.25621
-122.2574
-97.79495
-97.4492
-122.91721
-122.90434
-117.09836
-117.11081
-119.86705
-120.05698
-121.16353
-120.82232
-122.22552
-122.23102
-121.41614
-121.42007
-122.94783
-122.97066
-121.62915
-121.65445
-119.77162
-119.78364
-122.37285
-122.3866
-119.6631
-119.68564
-121.31442
-121.3339
-120.95349
-120.98529
-97.40121
-97.00764
-119.86093
-119.86705
-122.21864
-122.22458
-124.33757
-124.83027
-121.90413
-121.89733
-122.52695
-122.62592
-122.46352
-122.39059
-96.13491
-96.13378
-122.88588
-122.79031
-123.07596
-123.00104
-121.54147
-121.56306
-119.01141
-119.0074
-121.26147
-121.26394
-122.21893
-122.22031
-122.40614
-122.40844
-122.38876
-122.39453
-122.23018
-122.22552
-121.46452
-121.58089
-122.64346
-122.47929
-122.97685
-122.94865
-120.93837
-120.84177
-123.1167
-123.11868
-122.54219
-122.43747
-121.38274
-121.38046
-122.47633
-122.7308
-122.39485
-122.39372
-123.10191
-122.99278
-122.82344
-122.90434
-121.91533
-121.88956
-122.73782
-122.69083
-122.23102
-122.23092
-122.42976
-122.4072
-103.96249
-104.07141
-93.60583
-92.92015
-122.69142
-122.68745
-120.72156
-120.84644
-122.02385
-122.03174
-121.89265
-121.88757
-122.79053
-122.78972
-122.91075
-122.89737
-122.071
-122.09953
-121.27558
-121.27719
-130.32889
-130.27722
-122.39648
-122.32601
-129.10223
-128.62415
-122.97357
-122.97079
-98.04003
-98.18214
-96.17294
-96.37602
-121.27945
-121.28212
-122.5893
-122.52858
-121.24222
-121.11611
-122.77399
-122.98665
-122.8918
-122.86459
-119.77162
-119.7759
-97.91545
-97.80218
-98.13267
-98.01884
-127.35313
-126.61818
-122.38241
-122.358
-121.18341
-121.17131
-97.00764
-96.90322
-120.25099
-120.47478
-120.37552
-120.46001
-122.7215
-122.84726
-123.36826
-123.77541
-122.42976
-122.42072
-119.28694
-119.41426
-121.62169
-121.66431
-122.28321
-122.26854
-95.22209
-95.10059
-95.23
-95.22209
-97.47018
-97.46763
-121.96942
-121.96883
-119.14743
-119.28593
-96.13378
-96.05531
-97.47018
-97.6331
-122.71021
-122.71671
-122.70854
-122.7431
-122.68999
-122.70888
-121.76456
-122.01654
-97.3123
-97.19695
-123.1293
-123.39745
-121.84581
-121.8739
-117.02564
-117.03799
-122.68287
-122.68527
-122.70888
-122.70008
-122.78972
-122.78222
-122.26714
-122.43747
-120.57211
-120.61111
-95.52913
-95.39117
-119.7862
-119.86461
-95.03004
-95.02484
-123.04019
-123.03297
-122.86927
-122.90279
-121.89574
-121.90459
-122.96993
-122.93153
-123.11868
-123.1301
-121.09724
-121.1338
-122.86914
-122.8575
-122.68549
-122.68745
-126.45419
-126.64752
-122.64095
-122.64519
-123.0841
-123.07596
-122.25621
-122.26714
-122.95966
-122.79886
-96.35641
-96.35564
-119.56088
-119.7493
-89.60775
-89.60337
-121.12812
-121.38046
-122.12876
-122.13342
-122.87249
-122.72182
-123.1167
-123.11089
-122.76193
-122.74989
-122.43245
-122.40973
-121.76456
-121.758
-121.86789
-121.89632
-122.75588
-122.75267
-120.79301
-120.937
-122.13051
-122.12735
-122.70546
-122.73308
-124.28481
-124.19113
-122.82239
-122.82344
-123.2021
-123.1301
-122.56552
-122.6118
-96.93138
-96.92632
-119.09334
-119.14354
-122.96655
-122.93133
-122.40158
-122.39842
-96.13378
-96.08252
-123.14354
-122.82239
-122.63298
-122.7202
-122.71289
-122.72527
-117.59473
-117.3932
-119.78364
-119.7759
-122.27365
-122.22861
-121.28212
-121.41548
-122.49678
-122.48682
-121.99622
-121.94971
-122.49952
-122.50041
-122.0248
-122.05736
-122.7215
-122.83334
-121.62915
-121.33013
-122.6788
-122.70546
-102.2386
-102.17313
-122.71289
-122.71103
-122.3866
-122.3853
-95.22209
-95.22507
-121.12001
-121.33013
-123.0267
-123.02673
-121.7458
-121.71525
-97.11337
-97.08743
-122.29613
-122.30379
-121.93869
-122.19492
-122.38512
-122.397
-122.89737
-122.88926
-119.4455
-119.45861
-123.13248
-122.95872
-122.88926
-122.87844
-122.28949
-122.28321
-122.01407
-121.9731
-122.66504
-122.66328
-95.22507
-95.19874
-123.06047
-123.31448
-122.71103
-122.70929
-122.09899
-122.12876
-121.71525
-121.54147
-122.40381
-122.40973
-122.89467
-122.90887
-119.10957
-119.04477
-119.30003
-119.26811
-120.47478
-120.50211
-121.76695
-121.75339
-121.96376
-121.88454
-93.75259
-92.44582
-91.42657
-90.74688
-122.71103
-122.71103
-122.67659
-122.66504
-98.19904
-98.19504
-121.89908
-121.89632
-121.26329
-121.27197
-128.66946
-128.62415
-121.9662
-121.96854
-122.52425
-122.63278
-119.10957
-119.18633
-123.34597
-123.35033
-103.38383
-103.7321
-120.90545
-120.90562
-124.06293
-124.12915
-122.23752
-122.23778
-89.61866
-89.65598
-119.81848
-120.12216
-122.68287
-122.68549
-119.28659
-119.28664
-122.3853
-122.38512
-103.89731
-103.96249
-103.69335
-103.63642
-122.59996
-122.69031
-121.56774
-121.70459
-89.60337
-89.5583
-89.39826
-89.22461
-122.6862
-122.68082
-122.6118
-122.68034
-122.89998
-122.91051
-121.41739
-121.42711
-102.17367
-102.17935
-123.10191
-123.4165
-122.93652
-122.85797
-103.63642
-103.35687
-122.28403
-122.2706
-119.14354
-119.14592
-119.7759
-119.7862
-117.13694
-116.9798
-123.04549
-122.94504
-122.00197
-121.91533
-97.46703
-97.47018
-122.05736
-122.29837
-122.39453
-122.40379
-97.6264
-97.6191
-121.19714
-121.26147
-122.23092
-122.23065
-121.75208
-121.7458
-120.5743
-120.79441
-119.55518
-119.77162
-122.37285
-122.37193
-123.91245
-123.83191
-122.95894
-122.85576
-122.29338
-122.26573
-122.09241
-122.1785
-122.94031
-122.88746
-122.73308
-122.73961
-122.04732
-122.138
-90.52729
-89.74809
-122.90434
-122.89783
-120.01849
-120.42029
