43.38103
43.2133
37.78991
37.94939
37.48833
37.57011
17.92783
17.9692
20.99487
20.98016
18.92409
19.02266
37.79844
37.80165
44.05457
44.0388
44.05504
43.66665
38.04584
38.03258
23.22857
23.20401
32.70501
32.70032
54.24583
54.2275
37.57011
37.57174
18.14186
18.09
19.22447
19.22296
37.82634
37.82811
45.6178
45.58478
37.68756
37.69537
34.19207
34.14595
36.65839
36.62003
36.69301
36.70086
47.3553
47.32214
47.29648
47.17326
16.55923
16.54972
49.19438
49.12121
44.06808
44.04138
47.2574
47.25348
41.39699
41.64296
49.16558
49.12647
19.37132
19.31436
44.63484
44.6237
37.82811
37.83112
36.30296
36.30667
44.80342
44.79976
19.50834
19.43159
47.24778
47.24947
44.63486
44.63637
42.42202
42.34289
44.57675
44.561
38.02642
37.96841
49.12739
49.13901
44.0388
44.04495
47.27562
47.26802
49.09406
49.0041
39.40452
39.4463
37.92709
37.92932
19.18483
19.03269
41.0905
41.25752
44.53568
44.4006
36.60826
36.76505
44.561
44.33913
37.79977
37.7986
37.81061
37.81328
35.96945
36.05959
37.67114
37.68478
44.37592
44.27374
35.74445
35.61505
41.73016
42.00496
35.86545
36.12835
47.27304
47.2072
44.93428
44.96999
49.20266
49.19564
38.01123
38.02025
47.24365
47.25223
23.24813
23.23357
49.26201
49.29879
37.70866
37.73611
47.24797
47.25758
49.74815
50.0
16.43702
16.29131
36.96301
37.08658
46.7356
46.89714
18.53108
18.46315
48.5112
48.47467
18.81195
18.86162
37.29493
37.30511
18.14035
17.71952
52.12877
52.91817
34.69054
34.64368
21.23674
20.90685
37.91818
37.91774
37.63816
37.63771
45.60658
45.611
45.41867
45.40199
49.19842
49.19494
49.19564
49.1692
37.94673
37.94701
43.74963
43.71027
44.04138
43.98438
18.53761
18.53108
42.43764
42.42202
37.63771
37.62801
37.57727
37.66087
37.86342
37.90608
47.38052
47.30568
49.20899
49.23129
34.27179
34.24347
51.099
51.21268
45.60759
45.60658
49.2333
49.23302
18.25073
18.36
45.59277
45.57739
20.23068
19.71487
36.72296
36.72154
22.49819
23.22857
44.27374
44.10315
37.9166
37.90652
45.86719
45.78136
18.81195
18.81032
49.23952
49.22783
42.43489
42.42258
37.69638
37.71468
36.76413
36.79092
45.91359
45.82427
37.73944
37.81354
43.58013
43.51488
18.35769
18.24536
48.99767
48.94272
36.9595
37.12051
37.91842
37.9166
42.57544
42.22772
18.14186
18.11191
38.18979
38.19005
37.92709
37.92411
37.57243
37.57727
41.911
41.99811
19.22447
19.36864
18.5955
19.84848
19.23917
18.99569
41.32413
41.39699
54.74817
54.76361
54.22029
54.08247
47.24833
47.24846
33.22346
33.1978
55.09506
55.60583
21.50946
21.23674
44.0594
44.05457
38.00957
37.94208
41.06025
41.18068
37.94717
37.94943
47.26683
47.27104
38.02184
38.01962
36.32405
36.29794
39.13626
39.14796
44.98085
44.96659
45.60605
45.60609
45.50911
45.4584
47.09325
47.09117
44.80342
44.78512
18.88885
18.86162
18.05114
18.14035
37.93141
37.92325
45.56995
45.5789
37.47948
37.51675
38.05449
38.05865
41.25752
41.911
55.70343
55.75682
46.89244
47.09325
37.49486
37.61676
20.69
20.84314
17.98242
17.98551
33.18181
32.96596
36.21271
36.32405
34.92701
34.94587
42.19586
42.18568
18.75326
18.71249
23.23357
23.23175
47.11306
47.11034
37.99803
38.01123
37.82558
37.90985
47.23064
47.23918
35.91223
35.88405
38.54482
38.67566
45.53239
45.52817
38.23796
38.26967
34.75156
34.69054
37.63242
37.64969
49.13276
49.1646
35.76378
35.59138
45.4579
45.40332
54.08247
54.06238
37.32394
37.33476
36.72154
36.75488
37.79977
37.8042
47.24799
47.24945
49.21269
49.21555
37.94701
37.94717
37.57304
37.57243
37.93855
37.93141
18.88885
18.75326
50.32167
50.70514
47.23918
47.24138
42.73923
42.43764
45.38466
45.29862
16.29131
16.08602
47.24727
47.20934
20.60001
20.8
46.16914
46.10657
37.73708
37.73944
46.10312
46.12788
38.2583
38.29617
37.48628
37.48973
40.1712
40.44994
38.44742
38.54276
42.22772
42.201
49.24561
49.25539
46.12788
46.14037
47.20859
47.2111
45.40199
45.38742
40.02924
40.1712
49.20024
49.19273
45.60609
45.5789
45.52402
45.51712
19.083
19.08122
37.9742
38.13737
47.03665
47.06278
46.67317
46.65643
37.47948
37.50539
48.98981
48.64619
36.96301
37.01778
51.21268
51.67584
55.70343
56.25557
44.10315
44.06328
37.82143
37.85561
38.05052
38.04584
45.63277
45.57993
18.42997
18.36102
49.15618
49.14416
49.27182
49.30104
47.2482
47.2533
49.28473
49.28435
47.2533
47.26683
36.82404
36.97493
34.26827
34.24937
38.03627
38.03416
44.6138
44.56601
45.82427
45.67775
19.15831
19.13278
37.52725
37.5945
45.60605
45.62747
49.20024
49.19958
49.22694
49.20584
54.0168
53.92571
37.77408
37.79941
47.24799
47.24699
37.30673
37.34489
47.25348
47.24833
37.90985
37.94489
37.82314
37.82811
37.73611
37.76714
49.16206
49.19273
37.30511
37.36178
49.23302
49.23395
45.07985
45.0712
42.19586
42.18799
37.50539
37.63242
47.29856
47.28073
45.35681
45.30321
38.95947
39.15584
37.46336
37.47865
49.26534
49.24689
34.24937
34.35737
18.94369
19.04788
45.56047
45.56819
38.05638
38.02473
23.22857
23.23175
54.76361
55.09506
20.83652
20.77652
47.18753
47.13753
46.73169
46.72549
37.94149
37.9462
44.94598
44.93901
38.04607
38.04584
49.24964
49.31898
32.70221
32.70032
54.47273
54.25462
19.04398
19.18483
38.35019
38.44742
37.5752
37.57698
17.14034
16.87168
42.18799
42.00355
14.82002
14.68673
20.88759
21.0
47.26262
47.2574
38.29887
38.35019
44.03728
43.91222
45.61746
45.62543
54.42415
54.22029
43.35524
43.21655
41.24774
41.32413
35.62407
35.3557
37.48973
37.46419
38.03258
38.02184
46.84096
46.82556
45.14192
44.92967
46.49071
46.27429
44.3754
44.27402
44.64848
44.30681
18.8296
18.83701
33.1978
33.18181
37.98428
38.03258
36.74479
36.77183
35.8894
35.96945
49.20644
49.20182
44.27353
44.05504
19.39164
19.56811
17.9692
18.02198
38.04607
38.03627
47.29178
47.28073
17.99549
17.67294
38.80692
39.15369
48.99802
48.98981
45.42519
45.40199
60.55972
60.75688
19.33973
19.36864
18.69342
18.94369
48.64619
48.50633
20.97677
20.98016
48.44695
48.78076
46.10657
46.10312
39.06227
39.10442
39.28447
39.36357
50.70514
51.099
32.70501
32.81698
45.49731
45.50911
34.24937
34.2465
45.59683
45.59393
17.98551
17.98158
46.6609
46.65269
37.43391
37.42499
36.90796
36.96301
45.65085
45.6344
32.67157
32.70032
19.19791
19.15831
38.02484
38.05638
47.29856
47.29178
18.4439
18.44127
37.74602
37.69638
47.2063
47.15607
16.55923
16.55788
37.60361
37.67178
19.08284
19.07602
37.43106
37.42499
47.26262
47.26802
57.4417
58.27997
45.05875
45.07985
44.63637
44.57675
16.56107
16.55923
38.02107
38.05052
49.2333
49.23147
49.12121
49.11967
18.76988
18.44384
47.20859
47.23064
36.30087
36.29886
38.25922
38.51859
51.67584
52.12877
37.30792
37.32394
37.69537
37.70021
37.7699
37.77408
36.35016
36.52026
46.95239
46.92752
46.73538
46.73535
47.27433
47.26683
43.65817
43.38103
37.96841
37.95836
37.57174
37.57243
32.87686
32.70221
48.99767
48.98981
47.00873
47.00722
49.20899
49.20031
44.6138
44.37592
15.13752
14.91375
45.30321
45.23605
39.7478
39.77026
38.09306
38.05449
38.08113
38.13048
36.43344
36.56325
37.82209
37.82267
49.20174
49.202
44.75527
44.73574
37.59525
37.67114
47.24699
47.24332
47.24945
47.25084
47.56279
47.52585
54.74552
54.71612
47.11648
47.11306
47.07523
47.02449
37.34016
37.36534
49.27615
49.27182
49.14665
49.13808
49.31898
49.34952
38.09306
38.23796
37.65358
37.78407
49.202
49.19842
39.52753
39.77026
45.45917
45.50192
46.57303
46.49071
46.7478
46.73169
38.01305
38.03676
38.13048
38.18979
44.91571
44.91998
37.57174
37.57304
48.99745
48.92196
44.63387
44.63486
37.96841
37.9649
45.61026
45.61596
23.72378
23.24813
49.23147
49.23952
47.25223
47.29648
49.21845
49.19958
16.32001
16.27245
44.8552
44.69972
49.26571
49.26534
37.34637
37.35475
18.75519
18.86162
49.01684
49.04347
37.94875
37.96453
36.12835
36.21217
41.42394
41.73016
49.18292
49.23586
36.76505
36.79775
47.08969
47.07638
46.12788
46.16994
55.86421
55.48918
18.96983
19.04398
35.8894
36.06107
46.65091
46.57303
46.97707
46.97612
38.02419
38.02657
36.44742
36.58957
19.41581
19.19791
40.73471
40.90935
47.20934
47.06972
38.02025
38.02419
43.21655
42.57544
44.3754
44.37592
19.15831
19.0861
19.0861
19.083
47.15607
47.1377
47.08969
47.07523
45.20891
45.15063
42.42999
42.43489
37.81354
37.82558
20.84314
21.14
37.95865
37.90652
45.59683
45.60605
44.96659
44.94598
45.63197
45.62842
38.2583
38.53279
39.10522
39.1387
37.80869
37.81061
44.63387
44.63637
54.24583
54.38528
38.02589
38.02025
37.63771
37.63403
38.77338
39.10522
38.67566
38.68759
18.08513
18.02469
49.27015
49.28289
36.72501
36.74479
34.92701
34.91752
49.11967
49.13117
35.86545
35.62407
37.80869
37.7986
48.77075
48.75874
37.65358
37.63377
45.04895
44.98085
37.05995
37.47364
38.02657
38.04607
47.26646
47.26205
47.1377
47.11648
32.55299
32.64014
46.88857
46.76131
20.87208
20.89463
35.3557
35.28394
37.67178
37.76755
42.42202
42.42258
37.93874
37.94149
47.29816
47.29178
47.25084
47.2574
48.92196
48.84137
36.67908
36.76505
47.31146
47.20929
47.31181
47.31146
35.91223
36.09625
37.57498
37.57698
46.10657
46.09493
45.67674
45.67775
37.61949
37.70866
49.20174
49.20024
48.99472
49.05639
34.28481
34.27179
46.97264
46.97707
37.57002
37.57011
32.54243
32.46745
49.15618
49.1801
40.44994
40.58919
23.23175
23.22857
19.71487
19.5703
45.15063
45.0712
16.55788
16.43702
35.76378
35.91223
18.75519
18.75326
18.56171
19.01869
49.28954
49.28289
49.0503
49.08146
46.09493
46.009
37.92932
37.93855
49.21555
49.21257
34.43814
34.41531
18.53247
18.4439
38.15819
38.13737
46.76131
46.56097
42.17173
42.201
45.45465
45.41596
37.63816
37.62433
45.4584
45.45869
44.86429
44.57675
37.94673
37.9465
47.2072
47.18753
44.93901
44.63486
37.32028
37.25679
37.73468
37.73944
46.24571
46.32431
18.11191
18.08513
44.91998
44.86429
47.24184
47.24365
34.14595
34.14476
37.73468
37.73659
37.92325
37.91852
49.08146
49.05179
47.2399
47.24138
18.99569
18.94745
45.61746
45.611
45.55634
45.54012
38.01305
38.02025
55.48918
54.47273
47.23642
47.2063
36.30457
36.30907
45.59393
45.5739
49.23129
49.23302
41.26571
41.28105
18.44127
18.42997
37.93791
37.94208
48.94699
48.94272
45.59778
45.59566
18.01865
18.02198
49.0041
49.00217
48.74315
48.47385
41.47501
41.45358
49.23395
49.24177
60.75688
60.84682
37.9465
37.94489
45.439
45.38466
36.83975
36.97548
45.58478
45.69081
58.27997
58.76546
47.30193
47.30335
18.90163
18.88168
20.98035
21.00037
42.20929
41.99325
37.71617
37.7173
49.19852
49.21269
20.9798
20.94016
47.04247
47.05812
48.8011
48.99472
37.9462
37.94717
38.04617
38.04584
36.60271
36.61032
54.28222
54.31417
36.32405
36.40782
14.91375
14.82002
38.05865
38.09306
49.26571
49.26923
49.14021
49.16558
46.82556
46.7356
45.49731
45.48463
44.63387
44.6138
14.82002
14.72287
48.78076
48.8011
49.20028
49.2027
49.20584
49.17857
19.22818
19.22296
45.70548
45.68729
17.55154
17.46733
45.60658
45.59509
49.26529
49.27015
22.49819
21.50946
47.04247
46.95239
49.26201
49.25015
54.71612
55.06944
47.24799
47.25084
45.52158
45.52402
45.59333
45.59277
34.69054
34.47106
49.16678
49.14665
39.41478
39.49317
45.57018
45.52158
37.94717
37.94939
49.23952
49.26553
34.39142
34.34463
37.43106
37.48833
37.64959
37.7343
42.34289
42.20326
49.12739
49.13276
47.24341
47.24184
37.91852
37.91842
44.4006
44.40678
47.30371
47.34521
37.63377
37.61676
34.41531
34.39142
18.84693
18.90163
39.36357
39.41478
36.32405
36.35016
37.30792
37.31406
47.24103
47.24078
37.32028
37.32394
47.11641
47.08969
36.79457
36.77183
19.02266
19.05553
45.4579
45.42519
60.0
60.55972
44.04495
44.04138
37.52531
37.52632
36.06107
36.20602
49.20028
49.202
54.24583
54.28222
20.90685
20.89463
37.95584
37.95502
55.33966
55.09506
35.28394
34.95641
45.57739
45.54144
43.71027
43.58013
47.03665
46.97939
43.66665
43.21655
49.2027
49.23073
47.28073
47.27304
18.44384
18.4439
45.62842
45.62982
37.8042
37.80869
41.64296
41.83069
34.95641
34.92701
45.15063
44.91998
20.88759
20.99487
18.87613
18.96983
49.28289
49.29192
41.39699
41.42394
38.07898
38.23601
20.60001
20.56
37.72458
37.73468
16.18199
16.17166
17.67294
18.05114
18.53761
18.5408
34.1983
34.19207
37.52456
37.62433
17.56005
17.55154
34.60052
34.64368
45.59333
45.59375
42.20855
42.18568
18.87844
18.87613
45.38742
45.35681
37.80165
37.86342
41.20868
41.24774
54.00575
54.24605
37.63403
37.64812
17.99549
18.44496
45.68729
45.55892
48.43722
48.42778
37.71468
37.72458
38.02473
37.95865
49.09317
49.09406
36.99928
37.00933
45.5739
45.57993
49.0503
49.04347
47.27433
47.27104
37.94489
37.94673
47.09117
46.88857
16.55788
16.56107
47.15607
47.11641
39.71651
39.72612
36.69301
36.72501
34.94587
34.94513
18.8048
18.8296
33.18181
33.11614
37.34143
37.34637
45.5739
45.56819
20.60456
20.23068
37.93791
37.92709
36.48647
36.72154
34.24347
34.19756
37.79965
37.79941
36.308
36.30907
37.30089
37.30792
45.52667
45.54028
49.05639
49.12739
37.42151
37.43391
44.93176
44.72176
19.56811
19.64053
37.58714
37.60361
17.43726
17.14034
47.06972
47.00873
42.21474
42.22772
32.70221
32.69763
45.50192
45.5161
32.69763
32.70221
19.22447
19.04788
39.72612
40.02033
44.96999
45.04872
36.30296
36.30457
18.81032
18.8048
49.19852
49.20182
37.94489
37.94149
45.4579
45.48463
37.90608
37.93874
34.94587
34.90114
37.57243
37.58714
44.561
44.54183
35.39901
35.31081
49.3079
49.31865
45.52667
45.50911
45.60954
45.57018
45.52158
45.5161
44.72176
44.63387
49.09898
49.11157
49.34952
49.68149
19.18483
19.20565
34.20972
34.24347
44.56601
44.53568
47.26802
47.27562
20.94016
20.84314
47.1984
47.09325
42.20326
42.19737
37.93791
37.95865
37.5267
37.57002
35.74445
35.79807
36.09625
36.21271
46.2175
46.16159
37.52632
37.52725
49.29879
49.3079
46.09493
46.10312
39.15369
39.40452
34.1983
34.21499
42.201
42.19586
49.21845
49.2333
45.48245
45.439
46.73535
46.7356
49.0248
49.09317
42.81212
42.73923
49.13276
49.13901
38.34749
38.35449
36.56325
36.69301
37.71617
37.82143
54.7447
54.74817
47.2574
47.25966
45.5161
45.48245
36.61032
36.71117
46.73535
46.72549
37.51735
37.52177
47.24332
47.24341
19.54539
19.59672
41.47501
41.99325
37.94673
37.94943
47.28076
47.27433
45.26712
45.14349
37.73659
37.73708
37.94208
37.93855
45.26712
45.14192
39.15584
39.52753
38.20967
38.18979
37.7343
37.78991
37.76974
37.76755
46.90961
46.89244
34.47106
34.43814
37.93791
37.95144
37.25679
37.31447
49.17857
49.13152
20.73426
20.60001
37.95836
37.95584
39.10442
39.10522
45.59105
45.59277
37.95584
37.9649
45.56995
45.55634
36.30907
36.33185
42.19737
42.00496
37.7382
37.78017
19.03269
18.76988
46.16994
46.19284
35.76062
36.21153
19.33989
19.54539
37.76714
37.76974
38.03416
38.02589
37.70021
37.74602
37.82267
37.82558
37.81328
37.82634
37.64812
37.79844
38.22101
38.55185
38.58887
38.67566
37.71468
37.7173
55.60583
55.70343
47.23642
47.23911
36.70086
36.7209
47.2399
47.19244
47.24945
47.24947
38.13048
38.10715
45.439
45.41867
49.13808
49.10086
37.79941
37.81328
46.73538
46.7356
54.495
54.66525
36.7237
36.72501
37.7173
37.72458
19.07602
19.08284
48.92196
48.84914
37.32028
37.30792
37.63377
37.63403
49.27182
49.26923
36.74479
36.72296
41.911
41.99694
49.31865
49.74815
44.30681
44.27353
43.91222
43.79309
47.25758
47.26868
19.59672
19.58584
16.87168
16.56107
36.60271
36.60143
49.10086
49.09898
46.98073
46.97264
49.24561
49.24177
37.18321
37.28731
56.25557
57.4417
18.36102
18.35769
49.11157
49.14021
39.49317
39.71651
46.65269
46.65091
37.82634
37.90652
37.33476
37.34143
46.92752
46.84578
42.18568
41.99694
37.34489
37.38684
49.20031
49.20028
32.69763
32.67015
19.58584
19.60094
19.3694
19.33989
36.7587
36.76413
38.19858
38.25922
37.94516
37.9402
41.45358
41.50121
47.27304
47.30193
37.96841
38.13824
37.43391
37.5752
47.24947
47.24778
44.06039
44.0594
43.98438
43.74963
38.23796
38.23611
42.18799
41.99811
36.06107
36.05959
40.90935
41.06025
45.54012
45.55634
34.34463
34.27682
43.51488
43.35524
38.05865
38.04446
37.79941
37.79977
18.87613
18.53247
54.7447
54.74552
35.76062
35.61505
44.63637
44.3754
49.1646
49.14416
42.92655
42.81212
46.67157
46.6609
49.20644
49.20899
54.51735
55.0
50.0
50.32167
43.2133
42.92655
46.97612
47.00722
37.91774
37.91852
37.35475
37.51735
49.19438
49.18471
38.03676
38.04617
47.29816
47.20859
47.04247
47.03665
54.06238
54.0168
37.95502
37.9742
36.21153
36.34285
37.52531
37.5267
37.92325
37.91818
49.23129
49.23395
35.59138
35.49998
37.73274
38.01305
19.64053
19.60094
20.87208
20.83652
37.95836
37.94939
37.62433
37.64959
47.26205
47.26262
45.67529
45.54144
45.23605
45.20891
37.76126
37.94875
18.5408
18.75519
36.34285
36.35016
47.11034
47.0
44.27402
44.21518
45.59509
45.59333
45.4584
45.44541
34.19207
34.17494
18.02198
18.56171
49.21257
49.16558
47.24846
47.24937
44.06056
44.05975
45.93097
45.86719
45.62543
45.63852
45.59277
45.59509
37.64969
37.7301
34.21499
34.28481
46.84578
46.7478
44.96659
44.96999
38.03627
38.03676
41.50121
41.911
19.08284
19.0861
37.9402
37.99803
37.61676
37.63403
19.43159
19.33973
36.90113
36.90796
38.35449
38.29617
49.0503
49.05179
38.13737
38.2583
47.52585
47.24727
49.16678
49.20182
37.9465
37.94516
46.009
45.91359
38.01962
38.02484
54.25462
54.495
45.6344
45.63197
49.19577
49.20174
45.62842
45.62501
56.0
56.21336
41.28105
41.32413
47.0
46.94049
45.63197
45.64859
32.96596
32.87686
37.81354
37.82267
45.62842
45.6178
49.14021
49.08146
34.2465
34.1983
55.13445
54.99917
39.77026
40.02924
49.20266
49.27209
45.60658
45.59393
38.43484
38.80692
47.24184
47.31181
37.57498
37.5752
49.13901
49.18292
48.44695
48.43722
37.52632
37.5267
38.19005
38.19858
19.22296
18.88885
49.25015
49.24561
32.64014
32.67157
36.80012
36.9595
44.30681
44.30022
47.30371
47.30568
37.73708
37.77504
46.72549
46.67157
36.65839
36.67908
36.7209
36.7237
47.24797
47.24778
36.40782
36.43344
37.9402
37.94772
37.48973
37.61676
18.46315
17.85883
36.79457
36.80012
37.76974
37.77408
49.31898
49.28189
37.33476
37.34016
45.78136
45.67674
45.54028
45.54144
18.24536
18.24204
46.19284
46.24571
49.26529
49.26201
36.97548
36.99928
36.07848
36.05959
37.82143
37.82209
37.47865
37.47948
47.25966
47.26205
47.23918
47.24078
47.30193
47.30371
39.03706
39.1355
54.66525
54.7447
49.18471
49.19577
37.7343
37.76126
44.06328
44.06039
38.07898
38.24599
37.71468
37.71617
52.91817
53.89066
37.7301
37.7382
45.60954
45.59778
45.63277
45.59566
41.96477
42.00355
49.24689
49.22694
47.30568
47.30335
47.23911
47.24103
18.93441
18.92409
17.71952
17.56005
45.67775
45.65085
37.38684
37.49486
37.52177
37.52531
47.32214
47.31146
49.26923
49.26553
49.1801
49.19316
37.5945
37.61949
37.94943
37.95502
54.31417
54.32611
40.58919
40.73471
54.38528
54.51735
46.73538
46.67317
19.04788
19.07602
19.18483
19.3694
37.9649
37.9742
48.84914
48.77075
55.06944
55.13445
45.29862
45.04895
44.92967
44.80342
36.7209
36.73356
19.31436
19.22818
19.41778
19.37132
55.0
54.42415
47.27104
47.25758
40.89632
41.0905
17.85883
17.29427
37.12051
37.29662
36.75488
36.86116
47.02449
46.95239
44.54183
44.63484
47.23911
47.1984
36.33185
36.34285
39.16931
39.28447
49.04452
49.01438
16.35443
16.54972
16.32001
16.35443
18.54082
18.53761
37.57002
37.57174
36.30667
36.44742
18.24204
18.25073
18.54082
18.69342
45.611
45.61746
47.69646
47.52585
45.62501
45.60759
38.68759
38.95947
18.71249
18.81032
46.84096
47.00722
37.28731
37.30089
32.54243
32.55299
45.62982
45.63197
45.60759
45.61026
49.26553
49.26571
38.19502
38.24599
34.95641
34.75156
18.02469
17.99549
36.7587
36.82404
17.67294
17.43726
44.0388
44.03728
44.73574
44.53568
37.36534
37.43106
46.6609
46.63039
44.06039
44.06056
44.69972
44.64848
49.28435
49.27615
45.6344
45.65085
55.86421
56.0
45.48463
45.49731
49.26689
49.26529
38.19005
38.19502
46.89714
46.90961
18.44127
18.44384
36.52026
36.69301
20.98016
20.98035
37.47364
37.71617
40.02775
40.02924
49.09406
49.09898
44.06328
44.0594
45.57993
45.56819
47.26245
47.24332
38.68759
38.71646
37.31406
37.42151
49.00217
48.99745
38.36961
38.34749
38.02184
38.05449
45.54817
45.5571
54.45673
54.47273
45.85567
45.63277
44.21518
44.06056
45.40332
45.35333
18.88168
18.87844
36.20602
36.29886
49.17455
49.19273
47.25348
47.24947
18.24204
18.14186
46.16159
45.85567
38.23601
38.43484
45.59375
45.59683
33.38757
33.22346
36.7237
36.73356
37.78075
37.7699
37.9742
38.22101
48.75874
48.74315
38.26967
38.29887
47.11648
47.11034
38.04607
38.02457
47.02449
47.03885
36.65839
36.42749
45.53239
45.54817
18.01865
17.98551
45.59375
45.59105
47.24778
47.2482
16.35443
16.27245
36.21217
36.42749
44.93176
44.93428
36.891
36.90113
18.83701
18.84693
37.7986
37.8042
37.35475
37.46336
47.24833
47.264
49.19316
49.20644
36.58957
36.60143
49.20266
49.19494
49.20644
49.21269
49.05179
49.04452
47.34521
47.3553
45.52817
45.52667
16.27245
16.18199
43.79309
43.65817
45.59105
45.56995
40.02033
40.02775
36.90113
36.97548
47.24138
47.24332
49.19852
49.18227
35.79807
35.8894
34.27682
34.26827
37.29662
37.30673
37.68478
37.68756
37.57698
37.59525
16.08602
15.13752
17.46733
18.5955
45.59333
45.59105
45.54012
45.52817
19.083
19.08284
37.42499
37.42151
37.85561
37.90608
54.24605
54.51735
37.57498
37.57304
41.73016
41.70645
35.79807
35.79731
39.40452
39.42766
19.5703
19.23917
37.64959
37.63816
49.23586
49.24964
47.35412
47.29816
20.99487
21.28625
36.29794
36.19545
45.62982
45.6344
36.25783
36.308
47.2482
47.24833
18.94745
18.93441
20.77652
20.73426
47.17326
47.07523
37.00933
37.18321
20.98035
20.93552
21.00037
20.9798
45.62842
45.62842
45.35333
45.26712
46.27429
46.16914
37.73659
37.73274
17.98158
17.95243
45.60954
45.70548
46.7478
46.75742
20.73426
20.65808
41.18068
41.20868
36.29886
36.30296
36.73356
36.7587
58.505
60.0
49.29192
49.28473
41.83069
41.96477
18.5408
18.54082
38.02457
38.00957
47.24078
47.24699
19.36864
19.39164
37.78407
37.82143
47.30335
47.29856
36.79775
36.891
37.36178
37.52456
36.71117
36.7209
47.24797
47.2533
45.55892
45.45465
45.04872
45.14192
47.19244
47.18753
37.66087
37.73611
49.15618
49.09317
45.5571
45.56047
38.23611
38.20967
19.84848
20.88759
45.59566
45.57072
36.97493
37.29493
